67324752
1209683706
1048576
762868577
-1607991272
-856489984
1420413388
67324752
-395358363
720896
1818587694
1836597052
824327534
1735289188
1379679807
1936746856
1886680168
1865315169
1952542066
1734437731
1952541797
1379679778
544237928
792359028
1932357225
2020827489
1768452974
1734963823
574452837
1865250931
1377975652
942761315
1818579516
2035556464
1932472122
2020500848
1919889011
808595301
1936617321
1952539745
577530209
1699098402
1869770847
1769104740
574448713
1714436452
1378827326
1936746856
-1929377784
805306440
796423009
1868790126
1596994867
859266865
1851879533
859403105
825831479
1836592755
-1841765518
1670031832
-1796034981
-636337628
-1678930544
-1534967351
630509292
-1074921991
-898641978
710000559
533983500
-943209078
1554600597
-2076769584
1462491706
-1365642175
-526583515
1744098794
-1305206274
-802335339
1352381188
1402541378
670559412
-1430635938
-702800756
1535888823
599496569
-92439303
1931328467
466988886
-273949345
-847401133
-29918200
-338369071
1869553587
-295772963
951610391
-1742810236
292532591
2048951029
-2095820491
1956863434
-10781299
-648663229
-875197472
1590343010
-1868174468
-1707827684
-1480489915
864768678
-2000997757
-1413841571
-1926965145
2007192484
931900727
-835130101
-721656467
1027244669
1559817096
1069392313
462660542
396312345
1593289956
1424450553
279456182
504710237
-1923219974
1138655943
298560028
-628211495
-1771816554
-1898780221
1324952608
913395549
-955248861
-1916102844
439742046
825167054
-244382179
-301002259
1270452681
-1821629500
-1987980390
1601530583
1175763647
400053348
-2067424662
1541460827
43717640
1196383073
2121664665
-1716497883
-807368301
-2063447459
-131342125
-445489845
-1117625447
-402632189
-344917665
-1461976361
-942838113
-1214184086
-964823207
-1231061134
-873726894
2054759898
-1363749393
433648115
314282831
1291509818
-640986002
1675721349
376339499
-1478900267
-1023585397
473889147
-1635869222
114553389
2076550638
-1050294567
1570200204
1242476330
-1394244180
2056024666
262942354
-1223169181
1769380727
-1500027161
851171813
342575585
-765174822
1207198526
-718644103
-491655935
950271508
1120307062
1068412912
822265291
-677694112
517674371
-476686277
1954379151
-50297563
-1564964756
871405107
1576212863
1268956232
-509514829
-1683369514
-1564051219
755368161
-1604314008
-1978447344
-1082782681
-1745220725
-1582665287
-53744474
1559708186
-458047748
-1770158829
-1308122860
-1819414892
1600432827
-1135847548
-177637075
-1491329198
-1695956505
-832608848
-219293313
-1418754266
134829416
-132851535
-115492980
-683672527
-1271694296
1692133854
-1740358696
384800733
2030149045
-1260698781
-966571214
-1307021506
1340650397
84428549
-722561342
909741351
678302106
-747710448
1274238793
625824831
776949349
-1472255560
609576557
615835026
-282438999
1717756668
931984859
1739300325
1705928810
414534503
-55345985
2101069415
1780063099
476106295
-912949868
1289378408
-561954191
-1634123689
499968234
433438861
-896580668
-1077126256
-1580150543
-1157438412
-2062497821
-873715649
-1174845496
-1988588890
-53759965
-1639601269
-225307031
-376151166
-2033353857
-1959501355
-935986520
1385527095
-1507856519
-2106375105
-845211526
-1906562728
-1317303224
3838273
3837955
1965033298
-819390562
982628951
199361449
-1459602800
-1542106744
-2001489974
30706818
1965166441
1342417168
-1241274106
122827656
-728870315
1591928109
911169822
-50668673
85067563
1149244488
463230080
85080200
1377839248
1193376656
1074406400
-2048294750
1136035185
58331301
-1504723993
-1290735532
915444559
-1877259489
1953505870
1495007454
-1398707616
-2082717557
537440822
72941637
72948977
-2061249003
-611629140
1730189765
308543782
1527784648
1097444808
308552920
154274154
-803190384
-1637317952
1916752153
1047858204
1353064494
-768341412
540188677
1558447570
1223962610
-2135277557
-531441653
1955488427
-1847262433
-404891955
-1787360529
-848510915
746386072
245214302
-1650125449
-1659764674
-932748992
-2143404029
-462666823
2039809
971156641
1932968545
2120812201
-184996122
-1862247296
1695244800
97004853
822107268
-2139083199
-1615199231
1740144686
-1167010585
-452018634
1219731899
6963625
-509344942
948456592
445645225
2073038152
-1543476670
-2140520442
-2056191788
1948584674
-254598929
-464161014
1234321160
274768899
-718499776
1329293866
-248372223
1980899010
563085849
-812348465
113679282
1696597586
-1308415714
26509337
106039976
-901490217
-528430522
-1432887545
-1967102688
77968103
10780682
1585095946
-576790014
596818250
797985379
1845779052
-1123393022
1192254710
2040247851
-1486149545
1417688392
-1875556349
-792737260
-1459590511
1264609936
965389473
-1215529840
2006569336
1754297680
-899651440
1660360729
1406063242
1011648768
495224752
430178714
1222976243
1956038681
215104842
-853537582
-1559219384
1603545360
419780176
517145396
-769592560
987240868
-1060298740
1617334278
-198182947
826826939
1007338908
227493864
2054370262
1193688459
1077954639
1212938345
67407394
344465444
-1849139484
-1878521600
-1585815424
-1863474852
-737143831
1619038325
2035027986
-1317303280
1967862133
609310035
33701920
-819127301
177660151
-1799393922
18915563
-1846914890
67403840
-1433648895
-1652666204
610538841
276515856
1078494156
1424711808
537932344
537932349
600936590
-2077872978
-338908915
-1501710345
437885706
-441359098
1126227043
844991122
2045306016
-1440123760
1953199761
2098625805
334091313
-2130079228
1409569347
-2074984379
-2046930780
1208525966
1527293056
-866818805
-303831929
-162077654
1085986684
-1333082051
1850230117
1723276322
984246889
1208530048
-1551928056
-601955823
1421330324
-2138355704
-1904694488
146047115
584188461
1514161572
1850068488
650622481
146047098
791810409
603821755
-1660075653
1527282831
-1673852278
2016820504
35174749
-41899354
-1726482571
601587876
2068292690
-1568642508
1886235770
-1862138578
-143369375
1108942881
-2067201511
17600964
140804230
1126441297
604254791
277235720
-1587789287
281610101
-1799218912
397984281
-1966368332
-1516387012
36380676
555061720
1164182614
1187265438
546439689
-1641362921
153100434
612401736
-1877980911
-1854701040
-1309834222
153099936
-2079178024
1480598532
1480598532
-2053658846
800089799
-1004449278
1963753313
-1012243548
1409608964
-882307388
-2047183220
-501361814
274467249
869953959
1044394980
137618435
-1363352189
2065144299
478179784
-595358144
538735120
477233607
730347748
220747536
-1576498656
-1307710618
464758759
534860670
1735925427
-1591344949
826610524
-1804879535
-1648863396
-717828656
868378033
2141303252
1563776236
-2018731800
23541201
1710187124
-1444084850
-713024288
805355633
728865468
1032277742
745572682
1098663809
569082701
-265440716
-1186935164
-51365331
-833406168
-823311663
909904697
1536159715
-200429519
2015100848
-686906836
-806581089
-716947881
-270283165
-1378617630
90868182
1889743567
1611127816
714200697
-109216193
812672261
-983140328
1533622051
1324795953
-971116674
785608070
-278161871
-2047444438
1556243898
-1595060225
-675647798
-1064309853
-741724202
-161469704
-1357376236
-1249336958
1688259705
-281963240
-291867871
158838899
504010595
1903587579
-1281466442
-1264234504
-288630072
-713809183
1338566627
-1142699029
-1802580499
1038244296
1969936362
-347344150
1833277491
-1780886172
791790227
-1037951411
378374246
953829855
430642990
-1766318207
1585847132
398830567
-1467487465
935228149
-588826577
164138700
-651060045
716723385
-1709892563
-1777478257
456528505
-1058327283
-92613528
-282094000
257527205
-1273372819
2115867912
-61456992
-1253749248
857110334
-1883278661
-1904494789
-955235273
1869553553
-295772963
1439814387
1159135038
-1097626231
-657173552
-1114772777
469226990
-1278225477
-1752404292
295118244
-259995069
1183050666
672898231
1482242361
-1721032525
2018206939
-1525977811
1209054341
-1876858622
480599668
1121059885
1283242540
1376234300
-2126854344
891326129
729650065
742608918
445749316
-351218559
1552910199
-772436502
49269480
1159693507
-1373599025
-507783208
-1253788841
-1908725451
2029028518
-16825082
235900558
-1665003851
461429412
533813716
1948955107
-1995713494
-845552013
-160671288
1487037744
-455692463
1497032820
-466042926
-1470485509
-1128826508
1475391109
-807084702
884688795
863661388
-737883469
94557470
-889811274
849216381
1065421628
-718437197
-243947348
-137089493
-749561687
984732418
408853545
-446290530
-571278410
870991947
-974121162
1206920174
-1521430209
-108716273
-2073539731
540938331
88508788
982964919
274953040
1312657722
451190856
596774239
-1924073479
-698842396
83440668
1175782940
-355595045
1837730505
526294322
1172121152
1179276053
1609315536
-1583148280
1277102337
1663227209
-249488589
1528612493
-249552036
-837874470
-1697613242
-6538919
-1675904954
403392760
135648644
-354374933
1758686305
286763999
1065547166
-1111771012
773893479
87496655
1862286208
846370447
1569821171
-965166299
248008822
-2043706603
-1240387491
842502745
-1649499431
756309888
-2139770495
-74312801
-1924364510
-748304003
-1656436024
776417477
-829727739
1979087736
1338441999
1290548977
-331369631
-98288071
-641300947
1751986593
-1946076585
-715120099
1879508388
1574796021
764624317
-514327112
190969700
1661347280
-1483657520
1048663392
-92018033
2084638632
-1605713463
-888769633
-371287778
525438377
987449893
-1823513235
42317624
-2009536679
-1868556369
1114659483
-1190559251
312623976
1924879585
-2032726825
-246583769
-261183762
-22016296
-692702440
-908619393
-1991693112
1993181707
2026624943
-1695065597
507408367
-955620896
-832100513
30448975
-1972654584
-480304299
-1273967018
-620194464
1414713188
500165072
1440460353
-1841663368
-730692440
775611789
627582468
-1739257071
-1697734446
-1015713601
485869980
-1196588512
-1030611475
2078841136
-1408558566
-647226705
-2044946144
496550418
-338651735
1718998710
-1395124321
1912840406
211645760
-40369621
1130161836
-1872097190
-586689183
-1154760211
-1447801624
106981690
-1464041634
1957146481
-747822466
-1126681219
-750446979
-974777502
-331433070
1979094519
862877643
-1340772928
-1415584928
-969096586
-1803841846
-609180886
-1934999457
1660747036
2127213207
-365124494
1144601454
-1617009932
-1315091333
2139480640
-112000270
572675582
-473517423
1458731078
-1668710863
1357465657
1151537328
105440484
2009611524
-1193060483
1807445256
213261293
-1000569652
777824661
-1364848840
194173782
1055832314
-1407797179
-1066466371
1344690513
1943184232
1812699061
291405888
482354338
91145460
351830581
1926497717
1502141076
-1921258844
1230719448
-626773100
242932377
-1052080467
-403310334
-627196875
-671343072
-1473044848
-696955863
514666160
95316899
1423665880
-1180038667
930186866
-682333943
681457242
315323527
-1285799049
-2099896015
-1957939859
-1431660017
1592429657
-471218682
1030587962
1067727346
2072492217
-692870070
-634246752
-1333611448
-1561254491
1729209905
-1595395629
-1192355702
-1945461352
-53934284
-431986881
-1837816852
636852292
-1540627075
1293744318
792704207
1344158649
134176548
-2122007620
-1994044292
-2003209213
1908001581
-197670673
705926712
995309218
-742840409
1082649380
277762121
1971542642
1137922529
1014830682
853341231
542154933
-470102445
-555528843
472568014
-768110997
-940129113
-1370728553
1875872005
1923304020
-1022347131
-688291985
-1096948783
557216840
-1940247726
274685472
-976915011
-1224089695
332906084
549396838
1980204704
2116541412
2070747560
-419804647
1111461279
-1799445676
-1203042959
-71883821
-1911438118
-264160827
-1386142658
284031972
233463545
-777800235
-1180763916
-1763879956
819529178
-1694954298
-1576923962
-617600134
1962012438
1175747468
-482894807
-1881536971
-471104564
915160235
307556574
-1848106391
-1131266611
-882105861
-2061466736
544303823
1127828775
209179522
-671275501
744297399
-1343541451
1425392246
740312063
-648729033
1072334694
-1449021285
2098432823
2006580383
-1428017458
-822633700
1976930537
108262999
607959868
339903661
618346927
2136246579
1022179821
-1018013146
-2024710179
-503722471
-255765188
-1096968689
-1532094813
-706046818
-1656664187
89836418
112614140
-876348454
2106578992
-484259497
542726516
1580807067
491190570
2134523581
-335454242
-163696209
983991754
-1606790194
-856115627
-1069067660
-1310220202
2029690320
-1202011251
-392028304
409661538
-2137884492
-1823760149
155995952
1386871141
-2046546224
-1531476932
-669650411
858785457
628695666
-559286833
665067606
2079749896
-803668882
207384963
957054587
1692972153
1763599971
-1203547423
-2035434973
-1742351052
1283943174
1656814272
1135718894
285334871
-1003839401
1522025596
-1312188704
-1960075268
1206022074
275237694
637611281
-1249193512
-905014165
610959910
809170383
-588657868
1280649846
19180743
1195657656
-1325479894
-320120700
1376623473
-817561928
1293674941
-1499399220
1605033144
-428864037
-769808565
1844342199
1747718195
-605097512
590792332
1209760684
772923731
1438481221
1386576788
467707103
1542539065
1243879906
1610088802
-526190863
-989793729
-473862000
151840045
-1420129564
1437297616
-795691853
-282950855
-638215147
-440677746
509232112
-110832949
1432439954
1990748890
-689941684
765753843
1460372305
-362044480
-1425097989
758513451
-803997955
1196936688
107794029
-1716609079
-897314665
504163239
-1038987313
-1018888045
-752743603
-1939950069
1367237875
-1243564115
-1282275656
1737431916
-127456915
958653867
-648177802
72809488
1761307299
1238043740
4833926
-872323912
1973263244
-1903647359
-945611108
855584759
921517176
-158634809
117950736
1218893496
1626511269
-163523111
-926134519
1977814840
-1061665296
-438469690
543203182
1617941990
-303476376
-1276827362
1999646625
-1204726625
744477352
2012630443
-2080093570
-912401141
-1385062264
1464636117
906210500
-745293694
-1830357783
-1767341407
492887188
1932065041
186796449
-1133813471
-1681141721
-1256119308
395365892
769906454
-263088822
-1989856219
-1019657391
1075870520
-1275052643
-2116280526
1650084786
1420265922
2132544431
-314005759
-879837636
787558110
1256223342
-10035756
-1273179189
-2042930606
304250769
1788169043
754341083
-633482080
-119667661
1989786511
1653940362
-1356581438
-960447137
-339493582
-1863702290
-831890738
-749681313
1233243463
-1312158442
-957697868
-1420326685
1618317466
-960951913
-2143119772
1652404254
-636365103
1704458620
-297608083
95949440
-1230126263
-1591511436
1826292311
1137574714
-2123123348
5898652
119047747
534787877
730014183
1493380833
565647711
324373172
-1731905630
-1958327172
-26207799
506003798
-1554784186
869905558
1215533224
2053865877
1733712609
1122708186
635352458
-1296496923
442542286
1752855851
-1349902066
1228574097
1945866251
-172038167
834739035
307816690
-1696038064
99084042
-808919077
1349106135
506349282
-1975763982
1955407904
648040377
75398169
351093158
-815737693
-878668418
1398318610
-1746323423
2060681860
1093025987
1759536957
2048162465
888309071
1610981104
-2087172046
-1507099000
-50090916
-957385320
217618579
1053402606
-2081369183
-92886918
-1733346623
652489543
-876485571
1834091628
1497569139
1393501513
872937557
1757042248
647635369
-2129335647
1891187402
202328039
1004244192
-392381826
-607856274
820696969
-1343889393
1860318709
591042505
1387766020
-2043971273
-2146638163
-445103804
574374635
1776881138
-2068184051
-1557466282
-1860039808
-1075218324
-1323434664
-643285491
-987248809
22230401
-385583051
-1966915486
505605831
2136392683
-763497728
-1441614493
86742594
1906455921
949843678
-177453710
411462000
-1451926292
696367670
-1333052538
-1256001842
-353922970
44561141
-1817366639
-766016982
-1338031411
412528140
-255627041
1588417173
383502509
1590502335
-132749112
1113951967
489959539
-1977381049
1006482157
1195791437
1814553404
1624134361
-139005825
-317080948
1092924418
-1791883456
2252447
-1856237764
1615166960
6006213
-1241302781
-2063993212
-1077688846
777773921
-82217250
873984047
-1067008769
-947495910
-1625199047
944014396
-680027416
528385336
-330661340
863749550
-517083593
1202408424
1069288244
-1118774233
-368954386
1858883424
2008596259
-2035428830
1291995603
-399095121
-487018613
1648121227
-11257033
630173518
1825613138
657115913
-218293082
1454992721
1351393535
-368636287
1309468040
-201359386
1953633492
-1891781882
-708078324
-559105629
606899657
-1436470424
1959479198
1357034010
-1275662441
-1853918755
-1477597357
1736329417
276884632
-1376502780
1118259441
-1786760627
110011744
1329548169
1387626117
-822910607
-1316578735
1717174827
884826266
-550520142
-270025515
-278783087
1227464852
-364222403
-641835154
-1610058678
-1266499203
-1216763317
-1581703393
1158865983
-2102882318
-1782413232
-2034819576
-649374989
1383268643
1951282849
-1130801091
1768367852
-2065903337
-1939408520
-505841901
-888350136
1656316096
1954832513
1901109323
977856374
1104232950
1363276070
-2027043515
-1391928080
23828143
-1933537457
-1437131667
1220720214
-1040191860
-1693275598
-1663491642
-1901247719
1683974467
-1082813317
1584913863
396643304
484183433
-1119610766
-1307039369
1727627082
-2010153391
-1566369353
1120129456
-810997039
-1828799770
-613410140
1891576838
1521042480
1419828370
-635090771
2122256027
1902360311
672016447
1087176806
-721210338
434754343
944691222
-2011388659
-387061624
-930664241
1498888710
1297195805
1954849610
619990706
-58589792
-300938847
1541720082
1856553362
1158180280
753419401
-1225227418
1366146513
72406185
-1184395968
-1129026826
-1078189155
1272521066
368059671
-2140829687
1361168887
1938304417
-142174104
191312470
1349694925
-1187699065
-1665915836
618837844
-666374800
2060201873
1968307330
-1395359398
-2083192144
991095721
934106126
-671791707
2017766483
-1812890912
747490605
1725890572
-365632993
890974290
1519778062
1578375113
248760916
-832148210
711721933
-1629206893
-448233078
-1811660277
-1348690476
-1525886842
1250322479
539513025
1273299144
-1271725472
-1468943383
1795798069
-367826881
587348457
-3634086
-1267531243
1177561607
-1688138861
966955123
-535027732
-223857510
-844737791
-583367554
55267331
1833892473
452984833
1818587743
1768384882
-1607991272
-1869807616
1880825549
1443083865
-367662521
-429334661
753746986
1266168635
1170503251
680564222
1326192471
127294792
1841610583
-2072596131
2019360805
-1711872116
-722137430
2095262945
-1761891398
-241305756
1711278088
1560281088
1953394499
2016304499
20
818171457
-1230960618
1235250618
698616546
-230981825
-1233746968
1016461018
-1391393261
-1870553037
72859311
1513279029
-2028583140
-1281596733
1262335566
1756071220
-2090154781
572350742
1272225484
-1687674048
-1742474303
1457743854
1311747
-1125964499
1835109
1886220131
1935761779
808935218
1818587743
2037277040
892549491
1597061424
1819113518
346040320
-573127424
-58980424
2141903501
1834965804
-197464430
-542126106
-1923259018
-775434919
1643465436
-195413795
-478861867
-1918394955
-786891301
-1984467236
-1790004590
-782866010
1558948457
-1632966379
-1446503517
574433489
-932848979
175855298
165747655
913131931
-759546539
-2731743
262035872
2072716851
-1471948868
-2082171662
365570654
-1388469837
1158531640
-1935369733
299971927
-1159006549
1814860981
-1504326895
-1636024740
1580227458
294593870
-422025958
-1669149592
-1471166841
22039660
-1465227126
-1220886216
-1736841791
1489531299
-693444674
-1135235281
-1893463806
1900358106
55267423
827259987
553648132
1702064993
1952539497
1735290926
